1
2
3
4
5
6
7
8
9
10
11
12
13
14
15
16
17
18
19
20
21
22
23
24
25
26
27
28
29
30
31
32
33
34
35
36
37
38
39
40
41
42
43
44
45
46
47
48
49
50
51
52
53
54
55
56
57
58
59
60
61
62
63
64
65
64
65
66
67
63
62
66
60
55
54
53
67
50
58
47
45
44
51
43
42
59
41
48
56
52
33
32
61
57
27
26
20
38
49
46
34
18
8
6
36
35
12
28
29
10
39
19
22
17
21
13
23
40
25
9
37
24
2
30
31
14
7
5
15
3
31
16
30
1
37
11
11
16
4
15
40
24
14
4
7
25
1
5
3
23
39
49
9
46
2
61
21
57
36
35
13
22
29
28
56
19
17
34
52
67
59
38
48
10
12
58
66
51
18
58