1
2
3
4
5
6
7
8
9
10
11
12
13
14
15
16
17
18
19
20
21
22
23
24
25
26
27
28
29
30
31
32
33
34
35
36
37
38
39
40
41
42
43
44
45
46
47
48
49
50
51
52
53
54
55
56
57
58
59
60
61
62
63
64
65
66
67
68
69
70
71
72
73
74
75
76
77
78
77
78
76
79
80
75
79
81
74
73
82
82
80
81
83
72
83
71
70
66
64
63
65
62
68
61
69
59
56
84
55
52
51
42
43
41
40
39
48
38
49
36
44
84
58
54
45
33
28
27
26
60
24
23
22
32
67
20
31
35
50
17
16
15
11
10
9
8
53
7
47
84
5
4
3
13
1
2
46
29
21
46
30
19
25
34
53
12
67
18
34
30
6
14
37
14
25
29
18
50
21
12
6
19
58
54
13
57
60
83
81
31
80
49
32
79
69
35
44
68
47
47