1
2
3
4
5
6
7
8
9
10
11
12
13
14
15
16
17
18
19
20
21
22
23
24
25
26
27
28
29
30
31
32
33
34
35
36
37
38
39
40
41
42
43
44
45
46
47
48
49
50
51
52
53
54
55
56
57
58
59
60
61
62
63
64
65
66
67
68
68
69
63
62
58
70
71
57
54
72
70
73
56
74
50
49
64
75
48
69
45
55
74
76
42
76
43
41
75
73
77
40
71
31
32
30
35
26
59
23
34
72
77
21
20
18
66
44
8
7
6
46
5
28
3
1
39
33
60
2
15
65
27
61
52
53
77
16
11
51
24
29
36
4
47
10
13
14
19
65
38
61
72
17
22
60
47
51
25
38
76
9
53
25
52
66
75
67
22
71
73
67
9
74
17
29
24
19
46
59
39
27
44
13
33
12
10
70
37
69
11
4
28
16
64
15
55
34
2
43
56
36