1
2
3
4
5
6
7
8
9
10
11
12
13
14
15
16
17
18
19
20
21
22
23
24
25
26
27
28
29
30
31
32
33
34
35
36
37
38
39
40
41
42
43
44
45
46
47
48
49
50
51
52
53
54
55
56
57
58
59
60
61
61
60
59
62
56
63
64
58
50
62
65
66
67
52
40
51
39
68
38
42
69
47
37
70
34
48
71
72
69
31
70
66
63
32
73
27
72
54
24
53
22
21
29
65
71
18
73
17
36
35
68
13
12
43
3
67
1
7
30
5
19
57
73
8
45
64
41
55
46
23
71
64
67
20
44
26
49
68
49
33
28
2
44
72
55
10
14
15
11
57
46
65
25
45
33
4
70
16
41
6
69
9
25
28
66
9
16
43
6
63
53
26
4
15
54
30
11
14
36
10
20
23
35
2
48
29
19
47
62
51
8
32
52
31
42
58
5
37
7